9143516
6662308
6489888
7025885
7435279
6994075
6385574
7578560
9143536
7074854
6938698
5124610
8095589
7557664
5238328
9766768
6385577
9931016
8334391
7175626
6385588
6170791
10649445
11227238
6125662
4992636
5009969
6397293
6052614
6385585
7578611
7026746
8372061
6818988
11227244
6853153
7435277
10889639
6589991
6823819
3979661
7324083
7760453
11227131
7578573
6385586
6304526
8334389
6920518
9121849
10457231
6776822
10783791
11184052
6385601
4018547
9760633
9737973
11051723
6792549
7836941
6904387
9143549
6533262
10792449
11184042
8095615
